.Random.seed <-
c(403L, 10L, -2134311941L, -1067712566L, -559296212L, -717632209L, 
-721538075L, 1629743772L, -718803214L, -1802035347L, 1306409127L, 
-1542120754L, -2056746968L, -1741548501L, 1978750537L, 1636556632L, 
514644486L, -921402399L, 1466065267L, -2029104670L, 1248077140L, 
592239703L, -1105010611L, 494461924L, 184730058L, 930629685L, 
-389527921L, 581400470L, -714892480L, 2060883459L, 759098401L, 
2054733584L, -2020977426L, -1569702759L, 95099179L, -1487777766L, 
-747107620L, -591324449L, -876583755L, -434957748L, -1120526686L, 
-2068699651L, -657076489L, -762632162L, -266073384L, -691503557L, 
225094617L, 1632500072L, 836309142L, 1558539793L, -1743386685L, 
145325010L, -2033465756L, 1680758183L, 239553277L, 920063732L, 
1372989914L, 78966053L, -1442988993L, -1435178042L, -753055664L, 
-1714084749L, -1476114287L, -1212671808L, -370044258L, -356299159L, 
-176660837L, 277558186L, 2063325132L, 637119119L, -1804614971L, 
-421844356L, -623958318L, -1873423795L, -550322425L, 1082696430L, 
-1161308216L, 1778407627L, -423925463L, -1720757896L, -1464117594L, 
1197138113L, 2072914259L, -1279240702L, -2033864908L, -2056454985L, 
-781218643L, 1944533444L, 590485994L, -826137003L, 668809199L, 
-1535555594L, 2105458976L, -289329437L, -1343203455L, 1641353712L, 
2011369614L, 1695569913L, 836185483L, 1150523834L, 934238396L, 
-440435713L, 2058086741L, -1364839828L, -2022189374L, 1486758173L, 
-171976809L, -6581506L, 355133624L, -402754917L, -1742241543L, 
225747528L, -709022346L, -563290959L, 541102307L, 576565170L, 
-905498620L, -1402461369L, 94796317L, 1832013972L, 1479073850L, 
1040138885L, 1271546719L, 1732312038L, 975500912L, -880543341L, 
-1254867407L, 1645606112L, -2013616770L, 929904649L, 488814651L, 
-676755958L, -1333545492L, -1192330641L, 1418278309L, 1214817628L, 
-1271334606L, 1605044269L, 333055719L, 245033998L, -1505233432L, 
1189740523L, -2055241591L, 1604064280L, 1212621638L, -1046765151L, 
1689399347L, 2061614498L, 1249380500L, -1171521769L, -1093895923L, 
656494628L, -261246966L, 631706997L, 247862479L, -1094936618L, 
-7448704L, -1493464125L, 1835834721L, -122453040L, 182203182L, 
-2089857319L, -606995221L, 1859321178L, -1909223652L, -1215059425L, 
-1762870667L, -1994901748L, 302033634L, -796618819L, 1238267959L, 
-1482198306L, -926257640L, 1613050235L, -90158823L, -1222306392L, 
1869429078L, -1986795055L, 1945512323L, -207800302L, -2099709020L, 
45247335L, 2093895869L, 49956916L, 533187482L, 1862223845L, 163738495L, 
-890588410L, 1560984720L, 1708551475L, -703722799L, -1690079104L, 
-1500804770L, 1449467561L, 106555739L, -794729622L, 828656140L, 
1458281039L, -1596492027L, 947175356L, -1740506478L, 431972749L, 
-840431161L, 904207022L, -1685933304L, 1402712331L, -1684803607L, 
756816056L, -881627290L, -1912570879L, -143185261L, 288701762L, 
1981354740L, 1361174263L, 1023114989L, 1896688004L, -1561843798L, 
-874521323L, -1654270033L, -1189292106L, -1125175840L, -1744272093L, 
376142401L, -1055222480L, 1395478350L, 568104377L, 1211164619L, 
-192021382L, -1681220228L, -594928110L, 880066432L, -27169260L, 
2107607592L, -143342278L, -1013229104L, -1433193364L, 1075099956L, 
852649618L, 116951904L, -3636404L, 1595643872L, 917710754L, -1788196952L, 
474205580L, 86894780L, 200706418L, 83899632L, 424017988L, -1995632296L, 
-1255197126L, -534799504L, 704149564L, -1772183788L, -1465387582L, 
-2089436448L, -933091460L, -286200112L, 462796962L, -328180696L, 
-588831476L, 204875708L, 1897851186L, 480340416L, -2128639436L, 
2057284552L, -1669367622L, 731814288L, -1870335508L, 1074004564L, 
-1911357294L, 798031648L, -1214895668L, 1463997920L, 1543108290L, 
-728521688L, 1310061228L, -1524251460L, -1676576270L, -2009579216L, 
-1862429532L, -1554848072L, 77532506L, -576428656L, 1120195452L, 
-1439729388L, -1218538686L, 854539008L, -840697924L, 24592208L, 
-2074066142L, 47766856L, -83658228L, 422467676L, -550286126L, 
-1982342656L, 527945044L, -1244522008L, -811787270L, 812429520L, 
-1585480404L, 364835572L, -540743278L, -2017594272L, -128793332L, 
-987819296L, -446854814L, 972524200L, -1315024308L, -1768128132L, 
606864690L, 397906032L, -1476135100L, 61263320L, -2140676998L, 
-898290128L, 2125630140L, 755879764L, 1825371202L, 2057801120L, 
419191484L, 818944464L, -1397420702L, -942149656L, 669755340L, 
-1013711108L, 2103009778L, -1982510976L, 1745736948L, 505820808L, 
752469818L, 1133990736L, -1800472980L, -845115244L, -216456878L, 
1670627040L, 1931358924L, 522719392L, -617645182L, -1978813720L, 
-1826729236L, 1499884604L, 28336754L, -1484684176L, -1220999644L, 
483419192L, 1397721114L, -661468464L, 1866949692L, -151980908L, 
437070978L, -210270272L, 1549646140L, 368841360L, -1825604574L, 
-1822645240L, -224364404L, -1700885476L, 740894354L, 1923388544L, 
-862625772L, 1022895400L, 1191194170L, -1481562928L, -1033780116L, 
-1940761932L, 624863250L, -681191456L, -2059759668L, -1691095584L, 
-1262866910L, -717084376L, 1572040972L, 395228732L, 1741545714L, 
-1201800464L, 309453636L, 261630552L, -2063248838L, -1129740560L, 
-1671004996L, -1759408620L, 169222338L, 1189048416L, -1304392324L, 
1429413072L, 1222466594L, 1456478888L, 1900638092L, 848730556L, 
-392235982L, -1790159040L, -496535372L, 652133192L, -747693382L, 
1785843472L, 1801197804L, 1608479828L, 796198674L, 907113376L, 
-376397876L, -1128076448L, -381112126L, 1849071144L, 1169049004L, 
944152380L, 1898770290L, 111739696L, -917667292L, -857272264L, 
2017438938L, -535977584L, 1128703740L, -462471276L, 1979343682L, 
840374784L, 543523388L, -1439615408L, -1361390942L, 732556104L, 
-1745896948L, -666374948L, 1925014098L, 1219631232L, 648854356L, 
-27160088L, -1535456518L, -1363536048L, -783383508L, -1994263180L, 
-52466030L, -870335904L, -415501684L, -2136855712L, -2001915166L, 
-1014024024L, -170946356L, 1123455484L, -738525262L, -960834064L, 
1817562564L, -1640151208L, 558570362L, -1996186192L, -585875012L, 
1723183188L, -881929278L, 443380512L, -1314302020L, 822252112L, 
708574690L, 1930477928L, 677260620L, -1581928196L, 359187186L, 
1933049600L, -2146148748L, 567491493L, 992464047L, 313672040L, 
1510091078L, 864682227L, -184598955L, 1874207282L, 1217449984L, 
-1622592279L, 2037109595L, 1517524396L, 2123845050L, -259982481L, 
-1504789255L, -705027698L, 967963740L, -2119940403L, 307253815L, 
-1490036544L, -1431984226L, 2047863915L, -699757587L, -1805414822L, 
-585232104L, 1717247617L, -1316654029L, 88326740L, -90306974L, 
-1513199369L, -1236956351L, 362365382L, 1077168900L, -2110243147L, 
1432463775L, 1097524728L, 1470925782L, 801633891L, 1271981605L, 
310457794L, 229403312L, 822616793L, 1629656139L, 1361177276L, 
798873834L, -1449020129L, -339763799L, -640951490L, -2050296276L, 
1924465789L, -517620025L, 2064230320L, -1981761074L, -2102209797L, 
-628731555L, -1139551606L, -781844312L, 9905169L, 929993987L, 
945436676L, 1282799666L, 198398087L, 1574010065L, 1536157270L, 
1756476980L, 1286524229L, -141131889L, -738743544L, -1305875162L, 
1919604179L, 695017269L, 878360210L, 1588572768L, 996172745L, 
-1680481541L, 1044417740L, -2059369126L, 1118816335L, 651691289L, 
461762350L, -47275716L, -1801214291L, 668115287L, 614797472L, 
233025022L, 184189131L, -1307877683L, -1103074822L, 2051076664L, 
-408883231L, 946382995L, -402421068L, 990570434L, 787211223L, 
-494375903L, -1273648154L, -1884244252L, -1353702891L, -1795724737L, 
-2082610728L, 1644304374L, -705609725L, 387885893L, 1636826978L, 
-133537584L, 1917340665L, 1226041131L, -1925925732L, 378694346L, 
1053991871L, -440971511L, 2140428318L, 775326156L, -706903139L, 
-1745846745L, 560157776L, 22928622L, -1611474533L, -1729687555L, 
-1473185046L, -1178129016L, -572597455L, -321735773L, -368839772L, 
1482661458L, 217603495L, -6301199L, 1749175606L, -899222060L, 
-607044763L, 235578223L, 2111126952L, 523207430L, -1824065997L, 
-1404928875L, 1593263346L, -197974720L, -315725143L, -1214061797L, 
235082988L, -1482139398L, 139381039L, -971461319L, -654680242L, 
62469532L, -83437811L, -1429364361L, -2034272896L, 841958366L, 
